#Declaro variables

x <- 55345
y <- 33